
100003
100019
100043
100049
100057
125003
125017
125029
125053
125063
100069
100103
100109
100129
100151
100153
100169
100183
125093
125101
125107
125113
125117
125119
150001
150011
150041
150053
125131
125141
125149
125183
150061
150067
150077
150083
150089
125197
125201
125207
125219
125221
125231
150091
150097
125243
125261
125269
125287
125299
125303
150107
150131
150151
150169
150193
150197
125311
125329
125339
125353
125371
125383
125387
125399
150203
150209
150211
150217
150221
125407
125423
125429
125441
125453
150223
150239
150247
150287
150299
125471
125497
125507
125509
125527
125539
150301
125551
125591
125597
125617
150323
150329
150343
150373
150377
125621
125627
125639
125641
125651
125659
125669
125683
150379
150383
150401
150407
150413
100189
100193
100207
100213
100237
100267
100271
100279
125687
125693
125707
125711
125717
125731
150427
175003
175013
125737
125743
150431
150439
100291
100297
100313
100333
175039
125753
125777
125789
150473
150497
150503
150517
150523
150533
150551
125791
125803
125813
125821
125863
125887
125897
125899
150559
150571
150583
150587
150589
150607
125921
125927
125929
125933
125941
150611
150617
150649
150659
150697
125959
125963
126001
126011
126013
126019
100343
100357
100361
100363
100379
100391
126023
126031
126037
126041
126047
126067
150707
150721
100393
100403
100411
100417
100447
100459
100469
100483
150743
150767
150769
150779
150791
126079
126097
126107
126127
126131
126143
100493
100501
100511
100517
100519
100523
100537
126151
126173
126199
126211
126223
126227
126229
150797
150827
150833
150847
126233
126241
126257
126271
126307
126311
150869
150881
150883
126317
126323
126337
126341
126349
126359
126397
150889
150893
150901
150907
150919
150929
126421
126433
126443
126457
126461
126473
150959
150961
150967
126481
126487
126491
126493
126499
126517
150979
150989
126541
126547
126551
126583
126601
150991
151007
151009
126611
126613
126631
126641
126653
126683
151013
151027
151049
151051
126691
126703
126713
126719
126733
126739
151057
151091
151121
151141
151153
175061
175067
175069
175079
151157
151163
151169
151171
151189
151201
151213
151237
151241
151243
175081
175103
175129
175141
126743
126751
126757
126761
126781
100547
100549
100559
100591
100609
100613
100621
100649
151247
151253
151273
151279
151289
100669
100673
100693
100699
100703
100733
100741
100747
100769
151303
151337
151339
151343
126823
126827
126839
151357
151379
151381
151391
151397
126851
126857
126859
126913
151423
151429
151433
151451
126923
126943
126949
126961
126967
126989
151471
151477
151483
151499
151507
151517
175211
175229
175261
151523
151531
151537
151549
151553
127031
127033
127037
127051
127079
127081
151561
151573
151579
151597
151603
127103
127123
151607
151609
151631
100787
100799
100801
100811
127133
127139
100823
100829
100847
100853
100907
100913
127157
127163
127189
127207
127217
127219
151637
151643
151651
151667
151673
127241
127247
127249
127261
127271
127277
151681
151687
151693
175267
175277
127289
127291
127297
127301
175291
175303
175309
175327
151703
151717
151729
151733
151769
151771
151783
127403
127423
127447
127453
127481
127487
151787
151799
151813
151817
127493
127507
127529
127541
151841
151847
151849
151871
151883
151897
127549
127579
127583
127591
127597
151901
151903
151909
151937
151939
127601
127607
127609
127637
127643
127649
127657
100927
100931
100937
100943
100957
100981
100987
100999
101009
175333
175349
175361
127663
127669
127679
127681
127691
151967
151969
152003
127703
127709
127711
127717
127727
127733
152017
152027
152029
152039
152041
152063
152077
127739
127747
127763
127781
127807
127817
127819
127837
152081
152083
127843
127849
152093
152111
152123
152147
152183
127859
127867
127873
127877
127913
127921
127931
127951
152189
152197
152203
152213
175391
175393
175403
175411
152219
152231
152239
152249
152267
127973
127979
127997
128021
128033
152287
152293
152297
152311
152363
128047
128053
128099
175433
175447
175453
175463
152377
152381
152389
128111
128113
128119
128147
128153
128159
152393
152407
152417
152419
152423
128173
128189
128201
152429
152441
128203
128213
128221
128237
128239
128257
152443
152459
152461
152501
128273
128287
128291
128311
128321
128327
175481
175493
175499
175519
128339
128341
128347
128351
128377
152519
152531
152533
152539
152563
175523
175543
175573
101021
101027
101051
128389
128393
128399
128411
128413
152567
152597
152599
152617
152623
128431
128437
128449
128461
128467
128473
152629
152639
152641
152657
128477
128483
128489
128509
128519
152671
152681
152717
128521
128549
128551
128563
128591
128599
152723
152729
152753
152767
128603
128621
128629
128657
128659
128663
175601
175621
175631
175633
152777
152783
152791
101063
101081
101089
101107
101111
101113
101117
152809
152819
152821
152833
128669
128677
128683
128693
152837
152839
152843
152851
152857
128717
128747
128749
128761
128767
128813
175649
175663
175673
175687
128819
128831
128833
128837
152879
152897
152899
152909
152939
152941
128857
128861
128873
128879
128903
128923
152947
152953
152959
152981
152989
152993
128939
128941
128951
128959
128969
153001
153059
153067
153071
153073
128971
128981
128983
153077
153089
153107
153113
128987
128993
129001
129011
129023
129037
153133
153137
153151
153191
153247
129049
175691
175699
175709
175723
153259
153269
153271
153277
101119
101141
101149
101159
101161
101173
101183
101197
101203
101207
101209
175727
175753
175757
175759
129061
129083
129089
129097
129113
129119
129121
129127
101221
101267
101273
101279
101281
101287
101293
101323
101333
101341
129169
129187
129193
153281
153287
153313
153319
153337
129197
129209
129221
129223
153343
153353
153359
153371
129229
129263
129277
129281
129287
129289
153379
153407
153409
153421
153427
153437
153443
129293
129313
129341
129347
129361
129379
153449
153457
153469
153487
129401
129403
129419
129439
129443
129449
153499
153509
153511
153521
153523
129457
129461
129469
153529
153533
153557
153563
153589
175781
175783
175811
129491
129497
129499
129509
129517
129527
129529
129533
153607
153611
153623
153641
129539
129553
129581
129587
129589
101347
101359
101363
101377
101383
101399
129593
129607
129629
129631
129641
129643
153649
153689
153701
101411
101419
101429
101449
101467
101477
101483
129671
129707
129719
101489
101501
101503
101513
101527
101531
101533
153719
153733
153739
153743
153749
101537
101561
101573
101581
101599
101603
153757
153763
153817
153841
153871
129733
129737
129749
129757
129763
129769
153877
153887
153889
129793
129803
129841
153911
153913
153929
153941
129853
129887
129893
129901
129917
129919
101611
101627
101641
101653
101663
101681
101693
101701
129937
129953
129959
129967
129971
153947
153949
101719
101723
101737
101741
101747
101749
101771
101789
101797
153953
153991
130003
130021
130027
130043
130051
101807
101833
101837
130057
130069
130073
130079
153997
154001
154027
154043
101839
101863
101869
101873
101879
101891
154057
154061
130087
130099
130121
130127
154067
154073
101917
101921
175829
175837
130147
154079
154081
101929
101939
175843
175853
175859
175873
175891
154087
154097
154111
154127
154153
130171
130183
130199
130201
130211
130223
154157
154159
154181
154183
154211
130241
130253
130259
130261
130267
175897
175909
175919
175937
130279
130303
130307
101957
101963
101977
101987
101999
102001
102013
102019
130337
130343
130349
130363
154213
154229
154243
154247
154267
175939
175949
130367
130369
130379
130399
130409
130411
154277
154279
154291
154303
154313
175961
175963
175979
175991
175993
154321
154333
130423
130439
130447
130457
130469
130477
102023
102031
102043
102059
102061
102071
102077
154339
154351
154369
154373
154387
154409
154417
154423
154439
130553
130579
130589
130619
130621
154459
154487
154493
154501
102079
102101
102103
102107
102121
102139
102149
130631
130633
130639
130643
130649
130651
154523
154543
154571
154573
154579
130657
130681
130687
154589
154591
154613
154619
154621
130693
130699
130729
130769
130783
130787
154643
154667
154669
154681
130807
130811
130817
130829
130841
176017
176021
176023
154691
154699
154723
154727
130843
130859
130873
130927
154733
154747
154753
154769
130957
130969
130973
130981
130987
131009
154787
154789
154799
131011
131023
131041
131059
131063
131071
131101
131111
176041
176047
176051
176053
102161
102181
102191
154807
154823
154841
154849
154871
176063
176081
176087
176089
154873
154877
154883
154897
131113
131129
131143
131149
154927
154933
154937
154943
154981
131171
131203
131213
131221
154991
155003
155009
155017
155027
131231
131249
131251
131267
131293
155047
155069
155081
155083
155087
131297
131303
131311
131317
131321
155119
155137
155153
131357
131363
131371
131381
131413
131431
131437
176123
176129
176153
176159
131441
131447
131449
131477
131479
155161
155167
155171
155191
155201
176161
176179
176191
176201
102197
102199
102203
155203
155209
155219
102217
102229
102233
102241
155231
155251
155269
155291
176207
176213
176221
176227
131489
131497
131501
131507
131519
131543
155299
155303
176237
176243
176261
176299
176303
131561
131581
131591
131611
131617
131627
176317
176321
176327
176329
102251
102253
102259
102293
102299
102301
102317
102329
176333
176347
176353
176357
131639
131641
131671
131687
131701
155317
155327
155333
155371
155377
131707
131711
131713
131731
131743
131749
176369
176383
176389
102337
102359
102367
102397
155381
155383
155387
131759
131771
131777
131779
131783
131797
155399
155413
155423
155443
102407
102409
102433
102437
102451
102461
102481
131837
131839
131849
131861
131891
155453
155461
155473
155501
131893
131899
131909
131927
131933
131939
176401
176413
176417
176419
131941
131947
131959
131969
132001
132019
132047
176431
176459
176461
176467
176489
176497
102497
102499
102503
102523
102533
102539
132049
132059
132071
132103
132109
176503
176507
176509
176521
132113
132137
132151
132157
132169
132173
132199
155509
155521
155537
155539
155557
132229
132233
132241
132247
132257
132263
132283
155569
155579
155581
155593
155599
132287
132299
132313
132329
132331
132347
155609
155621
155627
155653
155657
155663
132361
132367
132371
132383
132403
155671
155689
155693
155699
155707
132409
132421
132437
132439
132469
132491
155717
155719
155723
155731
155741
132499
132511
132523
132527
132529
132533
155747
155773
155777
155783
102547
102551
102559
102563
102587
102593
155797
155801
155809
155821
155833
176531
176537
176549
176551
102607
102611
102643
102647
155849
155851
155861
155863
155887
132541
132547
132589
132607
132611
132619
132623
132631
132637
176609
176611
132647
132661
132667
132679
132689
132697
155891
155893
132701
132707
132709
132721
132739
155921
156007
156011
156019
156041
132749
132751
132757
132761
132763
132817
156059
156061
132833
132851
132857
132859
156071
156089
156109
132863
132887
132893
132911
132929
132947
156119
156127
156131
156139
156151
132949
132953
132961
132967
132971
132989
156157
156217
133013
133033
133039
133051
133069
156227
156229
156241
156253
133073
133087
133097
133103
133109
156257
156259
156269
156307
156319
133117
133121
133153
133157
133169
156329
156347
156353
156361
156371
133183
133187
133201
133213
133241
133253
156419
156421
156437
156467
156487
133261
133271
133277
133279
133283
156491
156493
156511
156521
156539
133303
133319
133321
133327
133337
133349
133351
156577
156589
156593
156601
156619
133379
133387
133391
133403
133417
156623
156631
156641
156659
156671
133439
133447
133451
133481
133493
133499
133519
133541
156677
156679
156683
156691
156703
133543
133559
133571
133583
133597
156707
156719
156727
156733
156749
133631
133633
133649
133657
133669
156781
156797
156799
156817
156823
133673
133691
133697
133709
133711
156833
156841
156887
156899
176629
133717
133723
133733
133769
133781
176641
176651
176677
176699
133801
133811
133813
133831
156901
102653
102667
176711
176713
176741
156913
176747
176753
176777
102673
102677
102679
102701
102761
156941
156943
156967
156971
176779
176789
176791
176797
156979
157007
157013
102763
102769
102793
102797
102811
102829
102841
102859
133843
133853
133873
133877
133919
157019
157037
157049
133949
133963
133967
133979
133981
133993
133999
134033
157051
157057
157061
134039
134047
134053
134059
134077
157081
157103
157109
157127
157133
134081
134087
134089
134093
134129
134153
157141
157163
157177
157181
134161
134171
134177
157189
157207
157211
157217
157219
157229
134191
134207
134213
134219
134227
157231
134243
134257
134263
134269
134287
134291
134293
134327
157243
157247
157253
157259
157271
157273
134333
134339
134341
134353
134359
134363
134369
157277
157279
157291
157303
134371
134399
134401
134417
134437
157307
157321
157327
157349
134443
134471
134489
157351
157363
157393
157411
157427
134503
134507
134513
134581
134587
134591
157429
157433
157457
157477
157483
134593
134597
134609
134639
134669
134677
157489
157513
134681
134683
134699
157519
134707
134731
134741
134753
157523
157543
102871
102877
134777
134789
134807
134837
134839
134851
134857
157559
157561
157571
157579
157627
134867
134873
134887
134909
134917
157637
157639
157649
157667
157669
134921
134923
134947
134951
134989
134999
157679
157721
157733
157739
157747
135007
135017
135019
135029
135043
157769
157771
157793
157799
135049
135059
135077
135089
135101
102881
102911
102913
102929
135119
135131
135151
135173
135181
102931
102953
102967
176807
176809
176819
176849
176857
157813
157823
157831
102983
103001
103007
103043
103049
103067
103069
135193
135197
135209
135211
135221
135241
135257
103079
103087
103091
103093
103099
103123
135271
135277
135281
135283
135301
135319
135329
157837
157841
157867
157877
157889
157897
176887
176899
157901
157907
157931
157933
157951
135347
135349
135353
135367
135389
157991
157999
158003
158009
158017
135391
135403
135409
135427
135431
135433
135449
135461
176903
176921
135463
135467
135469
135479
135497
135511
158029
158047
158071
158077
135533
135559
135571
135581
135589
158113
158129
158141
158143
158161
135593
135599
135601
135607
158189
158201
158209
158227
158231
135613
135617
135623
135637
135647
176923
176927
176933
176951
176977
135649
135661
135671
135697
135701
135719
135721
135727
158233
158243
135731
135743
158261
158269
158293
135757
135781
135787
103141
103171
103177
176983
176989
158303
158329
158341
158351
135799
135829
135841
135851
135859
158357
158359
158363
158371
158393
103183
103217
103231
103237
103289
103291
103307
135887
135893
135899
135911
135913
158407
158419
158429
158443
158449
135929
135937
135977
158489
158507
158519
158527
135979
136013
136027
136033
136043
136057
158537
158551
158563
158567
103319
103333
103349
103357
103387
103391
103393
103399
177007
177011
177013
177019
177043
136067
136069
136093
136099
136111
136133
158573
158581
158591
158597
158611
136139
136163
136177
136189
136193
177091
177101
177109
177113
177127
158617
158621
158633
158647
158657
158663
177131
177167
158699
158731
158747
136207
136217
158749
158759
136223
158761
158771
158777
136237
136247
136261
136273
136277
158791
158803
158843
158849
158863
158867
136303
136309
136319
136327
158881
158909
158923
158927
136333
136337
136343
136351
136361
136373
136379
158941
158959
158981
136393
136397
136399
136403
136417
158993
159013
159017
159023
159059
103409
103421
177173
177209
177211
177217
136421
136429
159073
159079
159097
159113
159119
136447
136453
136463
159157
159161
159167
159169
159179
103423
103451
103457
103471
159191
159193
159199
159209
159223
103483
103511
103529
103549
103553
103561
103567
159227
159233
159287
159293
159311
136471
136481
136483
159319
159337
159347
159349
136501
136511
159361
159389
159403
103573
103577
103583
103591
103613
103619
103643
159407
159421
136519
136523
136531
136537
136541
159431
159437
159457
159463
159469
159473
136547
136559
136573
136601
136603
159491
159499
159503
159521
159539
136607
136621
136649
136651
159541
159553
159563
136657
136691
136693
136709
136711
159569
159571
159589
159617
136727
136733
136739
136751
159623
159629
159631
159667
159671
103651
103657
159673
159683
177223
177239
177257
159697
159701
159707
136753
136769
136777
159721
136811
136813
136841
136849
136859
159737
159739
177269
177283
177301
177319
136861
136879
136883
136889
103669
103681
103687
103699
103703
103723
103769
103787
103801
136897
136943
136949
136951
136963
159763
159769
159773
159779
159787
103811
103813
103837
103841
103843
103867
103889
177323
177337
177347
177379
159791
159793
159799
159811
136973
136979
159833
159839
159853
159857
159869
159871
103903
103913
103919
103951
103963
103967
136987
136991
136993
159899
136999
159911
159931
159937
137029
137077
137087
159977
159979
160001
160009
160019
137089
137117
177383
177409
103969
103979
103981
137119
137131
137143
137147
137153
160031
160033
160049
160073
137177
137183
137191
137197
160079
160081
160087
160091
137201
137209
160093
160117
160141
160159
137219
137239
137251
177421
177427
177431
137273
137279
137303
137321
177433
160163
160169
160183
160201
137339
137341
137353
137359
137363
177467
177473
177481
177487
160207
160217
137369
137383
137387
137393
137399
160231
160243
160253
137413
137437
177493
177511
177533
177539
160309
160313
160319
160343
160357
137443
137447
137453
137477
160367
160373
160387
137483
137491
137507
137519
103991
103993
103997
104003
104009
104021
137537
137567
137573
137587
137593
104033
104047
104053
104059
104087
104089
104107
137597
137623
137633
137639
104113
104119
104123
104147
104149
104161
104173
137653
137659
160397
160403
160409
160423
160441
137699
137707
137713
137723
137737
160453
160481
160483
160499
160507
137743
137771
137777
137791
137803
137827
104179
104183
137831
160541
160553
104207
160579
160583
177553
177589
104231
104233
104239
137849
137867
160591
160603
137869
137873
160619
160621
160627
160637
160639
137909
137911
137927
137933
137941
160649
104243
104281
104287
104297
104309
104311
137947
137957
137983
160651
160663
160669
160681
137993
137999
138007
138041
160687
160697
160709
160711
138053
138059
138071
138077
138079
160723
160739
160751
104323
104327
104347
104369
104381
160753
160757
160781
104383
104393
104399
104417
104459
138101
138107
138113
160789
160807
160813
160817
160829
104471
104473
104479
104491
104513
104527
104537
138139
138143
160841
138157
138163
138179
138181
138191
104543
104549
160861
177601
177623
104551
104561
104579
104593
160877
138197
138209
138239
104597
104623
104639
160879
160883
160903
138241
160907
138247
138251
160933
160967
138283
138289
160969
104651
104659
104677
104681
104683
104693
104701
104707
138311
138319
160981
160997
161009
161017
138323
138337
138349
138371
161033
161039
161047
161053
138373
138389
138401
138403
138407
138427
161059
161071
161087
138433
138449
138451
138461
138469
161093
161123
161137
161141
138493
138497
138511
138517
138547
161149
161159
161167
161201
138559
138563
138569
138571
138577
138581
138587
161221
161233
161237
161263
138599
138617
138629
138637
138641
161267
161281
161303
161309
161323
177647
177677
177679
161333
161339
161341
161363
161377
138647
138661
138679
138683
138727
161387
161407
161411
161453
138731
138739
138763
138793
138797
138799
177691
177739
177743
177761
161459
161461
161471
161503
161507
138821
138829
138841
138863
138869
161521
161527
161531
161543
138883
138889
138893
138899
138917
138923
161561
161563
161569
161573
104711
104717
104723
104729
161591
161599
161611
138937
138959
104743
104759
104761
104773
104779
104789
104801
177763
177787
177791
177797
161627
161639
161641
161659
138967
138977
139021
139033
161683
177811
161717
177823
177839
161729
139067
139079
177841
161731
161741
139091
161743
161753
104803
104827
104831
161761
161771
139109
139121
161773
177883
177887
139123
139133
139169
161779
161783
161807
177889
104849
104851
104869
177893
104879
161831
104891
104911
104917
161839
177907
177913
161869
177917
177929
104933
104947
161873
161879
177943
104953
139177
161881
139187
104959
161911
104971
139199
139201
161921
177949
104987
161923
177953
104999
105019
161947
139241
139267
161957
139273
139291
177967
177979
105023
105031
161969
139297
161971
161977
105037
139301
139303
161983
178001
105071
139309
178021
139313
105097
139333
161999
139339
105107
105137
178037
105143
105167
105173
139343
162007
139361
162011
139367
105199
105211
178039
162017
105227
105229
162053
178067
139369
139387
162059
105239
178069
105251
105253
162079
139393
178091
139397
162091
105263
139409
178093
105269
139423
162109
139429
162119
105277
105319
178103
162143
105323
105331
178117
162209
139439
162221
105337
139457
178127
105341
105359
162229
162251
178141
139459
162257
139483
105361
139487
162263
178151
139493
139501
162269
178169
139511
162277
105367
105373
139537
162287
162289
139547
105379
178183
139571
178187
105389
162293
139589
162343
139591
178207
105397
139597
139609
105401
105407
105437
105449
139619
139627
139661
162359
162389
178223
178231
105467
105491
178247
105499
105503
105509
162391
139663
139681
139697
139703
139709
105517
162413
178249
139721
178259
178261
105527
105529
105533
178289
139729
139739
139747
139753
162419
105541
105557
105563
162439
105601
105607
105613
139759
139787
105619
105649
105653
105667
105673
139801
139813
105683
105691
105701
139831
139837
162451
162457
162473
105727
105733
105751
105761
162493
139861
139871
139883
162499
162517
105767
105769
105817
162523
162527
139891
105829
105863
105871
162529
162553
105883
105899
105907
162557
178301
178307
105913
105929
139901
162563
178327
105943
105953
162577
162593
139907
105967
162601
162611
178333
178349
105971
105977
105983
139921
139939
178351
162623
162629
139943
139967
178361
105997
106013
106019
178393
106031
106033
106087
162641
162649
178397
139969
106103
178403
106109
106121
106123
106129
178417
106163
106181
178439
178441
106187
106189
162671
162677
106207
106213
106217
106219
178447
178469
139981
162683
178481
162691
139987
139991
139999
178487
178489
140009
140053
178501
162703
178513
178531
162709
162713
178537
140057
140069
140071
162727
162731
178559
162739
140111
140123
106243
106261
140143
106273
106277
140159
140167
140171
162749
162751
162779
106279
106291
106297
106303
162787
106307
162791
162821
140177
178561
178567
140191
162823
140197
162829
162839
162847
140207
140221
106319
106321
106331
106349
106357
162853
140227
140237
140249
178571
162859
162881
140263
140269
140281
106363
106367
106373
106391
140297
140317
162889
140321
106397
106411
106417
140333
162901
162907
106427
106433
140339
162917
178597
140351
162937
162947
140363
140381
106441
106451
140401
106453
106487
140407
140411
106501
106531
140417
162971
178601
178603
106537
106541
178609
106543
140419
106591
162973
140423
178613
106619
106621
106627
106637
162989
162997
140443
140449
106649
106657
106661
106663
163003
163019
178621
163021
178627
140453
106669
163027
140473
163061
140477
178639
163063
140521
140527
163109
163117
106681
140533
178643
140549
140551
163127
163129
106693
106699
106703
106721
106727
163147
140557
140587
163151
178681
178691
106739
106747
106751
140593
140603
140611
140617
163169
163171
140627
140629
178693
106753
140639
140659
140663
106759
106781
106783
106787
106801
163181
140677
140681
178697
178753
140683
178757
163193
163199
140689
140717
140729
178781
178793
140731
140741
106823
106853
106859
178799
178807
106861
106867
140759
140761
163211
106871
106877
163223
106903
140773
140779
163243
163249
163259
178813
178817
106907
106921
106937
140797
163307
163309
140813
163321
163327
163337
106949
106957
106961
140827
140831
140837
163351
140839
140863
140867
163363
163367
140869
163393
140891
163403
163409
106963
163411
178819
106979
106993
163417
140893
107021
140897
140909
163433
107033
178831
140929
178853
107053
140939
163469
163477
163481
107057
140977
163483
163487
140983
107069
107071
178859
140989
178873
107077
163517
107089
141023
163543
141041
141061
107099
163561
163567
178877
107101
178889
178897
107119
163573
107123
141067
107137
107171
107183
178903
107197
107201
141073
141079
178907
178909
163601
163613
107209
107227
107243
141101
163621
107251
107269
163627
107273
141107
178921
107279
141121
107309
163633
141131
163637
107323
141157
163643
107339
163661
141161
178931
141179
163673
178933
107347
107351
141181
163679
107357
141199
141209
163697
178939
107377
141221
107441
163729
141223
107449
178951
163733
107453
141233
141241
163741
141257
163753
163771
141263
163781
178973
107467
141269
163789
141277
178987
107473
163811
141283
141301
163819
141307
179021
107507
163841
107509
141311
179029
141319
163847
107563
141353
179033
163853
107581
163859
179041
141359
179051
163861
107599
141371
141397
141403
107603
163871
107609
107621
179057
163883
179083
163909
107647
141443
163927
179089
163973
107671
141461
107687
179099
163979
179107
163981
107693
107699
163987
163991
141481
163993
107713
163997
179111
164011
141497
107717
107719
107741
164023
141499
179119
179143
107747
141509
141511
164039
179161
141529
164051
141539
141551
164057
164071
179167
107761
141587
164089
141601
179173
107773
164093
107777
107791
164113
141613
107827
141619
179203
107837
164117
179209
107839
107843
164147
179213
107857
141623
164149
107867
164173
179233
107873
141629
179243
164183
107881
179261
179269
107897
107903
141637
141649
107923
107927
107941
107951
164191
179281
107971
164201
141653
107981
179287
164209
141667
179317
107999
179321
108007
164231
141671
179327
108011
108013
179351
108023
108037
108041
179357
164233
179369
141677
179381
141679
164239
141689
179383
141697
164249
108061
179393
108079
164251
141707
108089
179407
164267
164279
141709
108107
141719
141731
179411
108109
179429
164291
108127
141761
108131
179437
108139
108161
164299
179441
108179
141767
164309
141769
179453
164321
108187
108191
141773
179461
108193
108203
164341
179471
141793
179479
141803
164357
108211
179483
164363
179497
108217
108223
179519
164371
141811
108233
141829
164377
179527
108247
179533
164387
179549
141833
164413
164419
108263
108271
108287
164429
164431
108289
108293
179563
141851
164443
179573
141853
179579
164447
141863
108301
141871
141907
108343
164449
179581
164471
179591
164477
141917
164503
141931
108347
108359
179593
179603
108377
179623
164513
141937
108379
108401
164531
141941
164569
108413
141959
164581
179633
164587
108421
108439
108457
164599
108461
108463
141961
141971
141991
179651
164617
108497
142007
164621
179657
142019
179659
164623
108499
142031
164627
108503
164653
142039
108517
108529
108533
142049
164663
179671
108541
108553
108557
142057
142061
108571
108587
164677
108631
142067
164683
108637
179687
142097
164701
142099
164707
179689
164729
179693
164743
142111
179717
179719
108643
164767
108649
108677
142123
108707
164771
142151
179737
142157
108709
108727
164789
164809
179743
108739
108751
179749
142159
164821
108761
108769
164831
142169
108791
142183
179779
108793
164837
142189
108799
108803
164839
142193
179801
108821
108827
108863
179807
179813
164881
108869
142211
179819
108877
164893
142217
108881
142223
142231
179821
142237
142271
179827
108883
164953
142297
164963
108887
179833
142319
108893
108907
142327
164987
142357
164999
179849
165001
142369
108917
108923
142381
165037
165041
142391
165047
179897
108929
108943
165049
142403
108947
108949
142421
142427
108959
179899
108961
165059
108967
142433
179903
165079
108971
142453
108991
179909
109001
165083
179917
109013
165089
109037
142469
142501
165103
142529
109049
165133
165161
142537
109063
179923
109073
165173
179939
142543
179947
165181
109097
109103
109111
179951
142547
109121
165203
179953
165211
142553
109133
109139
165229
142559
109141
142567
165233
179957
109147
142573
179969
109159
165247
109169
179981
142589
165287
109171
109199
142591
109201
109211
142601
165293
165311
109229
165313
179989
179999
109253
109267
109279
109297
142607
142609
109303
180001
109313
165317
180007
109321
109331
142619
180023
109357
109363
142657
165331
180043
109367
142673
142697
165343
109379
165349
180053
142699
165367
142711
165379
165383
165391
142733
142757
165397
165437
142759
109387
109391
165443
142771
142787
142789
180071
180073
180077
165449
142799
142811
142837
165457
165463
142841
165469
165479
165511
142867
165523
142871
109397
109423
109433
109441
165527
180097
180137
180161
142873
142897
142903
165533
109451
109453
165541
109469
180179
142907
180181
109471
109481
109507
180211
180221
142939
142949
165551
165553
109517
142963
142969
142973
109519
109537
109541
109547
142979
142981
109567
180233
109579
165559
180239
142993
109583
109589
180241
109597
109609
109619
180247
143053
143063
180259
109621
109639
180263
143093
109661
180281
180287
165569
165587
109663
109673
109717
109721
143107
143111
109741
109751
165589
143113
109789
143137
143141
109793
109807
109819
165601
165611
143159
143177
109829
109831
109841
109843
165617
143197
143239
165653
165667
143243
143249
109847
143257
109849
109859
143261
180289
165673
143263
143281
165701
109873
180307
109883
109891
165703
143287
109897
180311
165707
165709
109903
109913
109919
109937
143291
143329
143333
165713
109943
109961
109987
180317
180331
165719
165721
110017
110023
143357
143387
143401
165749
165779
110039
110051
143413
110059
165799
143419
143443
165811
143461
143467
165817
110063
110069
110083
165829
165833
110119
110129
110161
165857
180337
180347
165877
110183
110221
110233
110237
180361
180371
165883
165887
180379
180391
110251
110261
110269
143477
110273
110281
143483
143489
143501
165901
165931
143503
165941
165947
165961
110291
110311
110321
165983
166013
110323
110339
110359
166021
110419
110431
110437
110441
166027
166031
143509
110459
166043
166063
143513
166081
110477
143519
166099
143527
166147
110479
110491
110501
166151
180413
166157
166169
143537
143551
166183
166189
143567
143569
143573
143593
110503
110527
110533
110543
143609
143617
143629
166207
166219
143651
143653
166237
180419
166247
110557
143669
166259
110563
110567
110569
180437
110573
110581
110587
143677
143687
110597
110603
110609
143699
166273
143711
143719
110623
110629
143729
143743
166289
166297
143779
180463
110641
110647
166301
143791
166303
166319
143797
143807
143813
110651
110681
110711
110729
166349
166351
166357
143821
166363
143827
166393
180473
110731
166399
110749
143831
110753
110771
180491
180497
166403
110777
110807
110813
143833
143873
166409
166417
180503
180511
110819
110821
110849
143879
143881
180533
166429
166457
143909
143947
166471
166487
166541
143953
143971
143977
166561
180539
180541
110863
110879
143981
143999
144013
166567
144031
144037
166571
144061
166597
144071
166601
180547
110881
110899
144073
144103
144139
144161
144163
180563
180569
180617
144167
144169
144173
166603
144203
144223
180623
180629
110909
110917
110921
110923
144241
144247
144253
180647
180667
110927
110933
110939
180679
110947
144259
180701
144271
110951
180731
180749
144289
144299
166609
166613
166619
144307
144311
144323
144341
166627
180751
166631
166643
166657
110969
166667
166669
144349
166679
166693
110977
110989
111029
111031
111043
144379
144383
144407
111049
111053
111091
111103
180773
180779
111109
111119
111121
111127
144409
144413
166703
111143
166723
144427
144439
180793
144451
111149
166739
144461
144479
166741
166781
144481
144497
144511
166783
166799
144539
144541
180797
144563
166807
180799
144569
144577
166823
166841
144583
180811
144589
180847
144593
180871
144611
144629
144659
111187
111191
144667
111211
111217
144671
144701
166843
166847
180883
111227
111229
111253
111263
166849
166853
144709
144719
166861
144731
144737
180907
166867
144751
111269
111271
111301
144757
144763
166871
166909
111317
111323
111337
144773
144779
144791
166919
166931
166949
144817
166967
111341
111347
111373
144829
144839
111409
111427
111431
144847
111439
180949
144883
166973
111443
144887
166979
144889
111467
111487
166987
111491
167009
144899
180959
167017
111493
111497
167021
167023
144917
144931
144941
167033
167039
144961
167047
167051
111509
111521
111533
144967
111539
144973
167071
111577
167077
144983
181001
167081
111581
111593
111599
145007
145009
181003
145021
145031
167087
145037
167099
181019
181031
167107
145043
145063
111611
181039
111623
111637
111641
181061
145069
181063
181081
167113
167117
145091
167119
145109
181087
111653
145121
145133
145139
145177
167149
167159
145193
145207
145213
167173
167177
145219
181123
145253
145259
181141
111659
111667
145267
181157
181183
145283
145289
167191
167197
167213
167221
145303
145307
181193
181199
145349
167249
167261
145361
111697
111721
181201
181211
167267
181213
167269
181219
167309
111731
111733
167311
111751
111767
111773
111779
111781
167317
167329
167339
145433
145441
167341
145451
111833
167381
111847
111857
167393
145459
181283
181297
111863
111869
111871
145463
181301
167407
181303
111893
111913
167413
181361
181387
145471
145477
167423
145487
145501
167429
167437
167441
111919
111949
111953
111959
181397
145511
145513
181399
145517
111973
145531
111977
181409
167443
167449
145543
145547
145549
111997
112019
181421
112031
181439
112061
112067
112069
145577
145589
112087
112097
112103
112111
145601
145603
112121
112129
112139
145633
145637
112153
112163
112181
145643
112199
145661
145679
112207
112213
112223
145681
167471
112237
181457
112241
112247
167483
145687
145703
145709
167491
167521
145721
145723
145753
112249
112253
167537
167543
145757
145759
167593
145771
145777
167597
167611
167621
145799
145807
167623
167627
145819
145823
145829
167633
145861
145879
167641
167663
145897
167677
145903
145931
145933
181459
167683
145949
167711
145963
167729
167747
145967
145969
181499
145987
145991
181501
146009
181513
146011
181523
181537
146021
146023
167759
146033
167771
167777
112261
112279
146051
146057
112289
181549
112291
181553
181603
146059
181607
146063
146077
112297
167779
112303
112327
181609
112331
112337
181619
146093
112339
146099
146117
167801
167809
146141
146161
167861
167863
112349
112361
181639
181667
167873
167879
146173
146191
167887
146197
146203
167891
167899
112363
112397
146213
167911
146221
146239
112403
112429
112459
146249
146273
112481
167917
146291
167953
181669
112501
181693
112507
112543
112559
181711
167971
112571
112573
181717
181721
112577
112583
112589
112601
167987
146297
146299
146309
146317
181729
168013
168023
181739
146323
168029
146347
146359
168037
146369
181751
112603
112621
112643
146381
146383
146389
168043
146407
146417
168067
168071
146423
146437
168083
181757
181759
146449
146477
146513
146519
146521
168089
112657
146527
168109
146539
112663
168127
168143
146543
181763
181777
112687
112691
112741
181787
181789
112757
112759
112771
168151
168193
112787
181813
168197
112799
168211
168227
181837
168247
146563
168253
168263
146581
146603
168269
168277
112807
181871
146609
146617
168281
146639
168293
146647
168323
146669
146677
146681
146683
168331
168347
168353
168391
146701
146719
168409
168433
146743
146749
146767
112831
112843
112859
168449
168451
146777
146801
168457
168463
181873
181889
181891
146807
146819
168481
168491
181903
181913
112877
112901
146833
168499
168523
146837
146843
146849
168527
112909
112913
112919
146857
112921
112927
146891
146893
146917
181919
181927
181931
112939
112951
112967
112979
181943
181957
181967
112997
113011
113017
113021
168533
168541
168559
146921
146933
113023
146941
113027
168599
113039
113041
146953
181981
168601
168617
181997
113051
168629
146977
146983
182009
182011
113063
113081
113083
146987
146989
113089
113093
113111
147011
147029
182027
182029
147031
147047
168631
168643
168673
147073
147083
182041
182047
113117
113123
113131
168677
168697
113143
113147
113149
168713
168719
113153
113159
168731
113161
113167
147089
113171
113173
182057
168737
182059
113177
168743
147097
113189
147107
168761
168769
147137
168781
182089
147139
168803
147151
147163
147179
182099
113209
113213
113227
147197
168851
182101
113233
113279
147209
182107
168863
147211
182111
113287
113327
113329
113341
168869
113357
182123
113359
113363
182129
182131
168887
168893
147221
147227
168899
168901
168913
147229
182141
147253
113371
168937
147263
113381
182159
113383
113417
147283
147289
147293
182167
182177
168943
182179
182201
168977
147299
168991
147311
182209
169003
182233
113437
113453
113467
113489
147319
169007
147331
147341
169009
169019
147347
113497
113501
169049
169063
147353
113513
113537
147377
147391
147397
169067
169069
182239
113539
113557
169079
147401
169093
182243
182261
169097
182279
182297
113567
113591
169111
169129
169151
147409
147419
147449
147451
147457
113621
113623
113647
113657
113683
113717
169159
169177
147481
147487
182309
113719
147503
113723
113731
169181
169199
113749
113759
113761
169217
169219
147517
147541
169241
169243
169249
169259
113777
113779
182333
182339
182341
147547
182353
113783
182387
113797
169283
113809
113819
182389
182417
169307
169313
182423
182431
182443
169319
182453
147551
182467
169321
113837
182471
113843
113891
113899
113903
182473
182489
169327
169339
113909
113921
113933
169343
169361
182503
182509
169369
169373
182519
147557
169399
147571
182537
113947
169409
169427
182549
147583
113957
169457
182561
169471
169483
113963
147607
147613
147617
169489
147629
147647
147661
169493
169501
147671
147673
147689
169523
169531
113969
113983
113989
147703
147709
169553
169567
169583
114001
169591
114013
147727
147739
169607
114031
169627
114041
147743
147761
169633
182579
182587
182593
147769
147773
182599
182603
147779
147787
182617
182627
169639
182639
182641
169649
169657
147793
147799
169661
169667
147811
147827
147853
169681
147859
182653
147863
147881
114043
114067
169691
169693
147919
182657
182659
169709
169733
147937
147949
169751
169753
182681
182687
114073
114077
114083
182701
147977
147997
169769
169777
148013
148021
182711
169783
148061
148063
169789
169817
148073
148079
148091
114089
148123
169823
148139
182713
182747
114113
114143
114157
169831
148147
148151
182773
169837
169843
114161
114167
114193
114197
114199
169859
169889
148153
148157
148171
182779
169891
169909
169913
182789
182803
148193
148199
182813
182821
114203
148201
182839
148207
148229
169919
148243
148249
148279
182851
182857
148301
148303
182867
182887
148331
148339
148361
182893
182899
114217
114221
182921
182927
148367
148381
169933
169937
148387
182929
182933
182953
148399
148403
148411
114229
114259
114269
148429
148439
182957
182969
114277
114281
114299
182981
182999
169943
183023
148457
148469
148471
169951
183037
114311
114319
114329
183041
183047
169957
148483
183059
114343
169987
183067
169991
170003
148501
170021
170029
148513
170047
170057
148517
148531
183089
148537
148549
148573
170063
170081
148579
148609
170099
148627
170101
148633
170111
148639
148663
170123
170141
148667
148669
148691
170167
114371
114377
183091
170179
170189
183119
183151
170197
170207
183167
183191
148693
114407
114419
114451
148711
148721
183203
170213
170227
114467
114473
114479
183247
183259
148723
148727
148747
148763
170231
170239
148781
170243
148783
148793
183263
183283
148817
148829
114487
114493
114547
183289
183299
183301
148853
148859
148861
170249
170263
148867
170267
170279
114553
148873
183307
170293
148891
148913
114571
114577
148921
148927
183317
148931
183319
183329
183343
170299
170327
170341
114593
114599
170347
170351
148933
148949
148957
170353
170363
114601
114613
114617
170369
170371
170383
170389
183349
183361
114641
114643
148961
148991
114649
114659
114661
148997
149011
170393
183373
114671
114679
170413
170441
149021
149027
170447
170473
149033
149053
170483
170497
149057
183377
170503
114689
170509
149059
149069
149077
170537
149087
183383
170539
170551
170557
114691
114713
114743
170579
170603
149099
183389
183397
149101
183437
149111
170609
149113
183439
114749
149119
149143
183451
183461
114757
114761
114769
183473
183479
114773
114781
114797
114799
149153
170627
114809
149159
149161
170633
114827
183487
170641
170647
183497
183499
170669
170689
149173
170701
183503
149183
149197
170707
170711
170741
149213
149239
149249
114833
114847
114859
114883
149251
149257
170749
170759
149269
114889
170761
149287
149297
149309
149323
183509
170767
149333
149341
149351
114901
114913
114941
149371
114967
149377
170773
170777
183511
183523
183527
114973
149381
149393
114997
115001
115013
149399
149411
170801
149417
183569
183571
170809
115019
115021
170813
115057
115061
115067
149419
149423
115079
115099
183577
183581
115117
149441
170827
170837
149459
149489
170843
170851
115123
115127
115133
170857
170873
115151
115153
170881
170887
170899
183587
115163
115183
183593
170921
115201
115211
115223
183611
183637
149491
115237
170927
115249
115259
183661
149497
170953
149503
170957
115279
170971
171007
171023
149519
149521
149531
149533
115301
115303
115309
115319
183683
115321
171029
149543
115327
171043
171047
183691
183697
149551
149561
149563
183707
183709
149579
149603
183713
183761
171049
171053
149623
183763
171077
183797
149627
171079
115331
171091
149629
149689
149711
171103
149713
149717
149729
183809
183823
115337
115343
115361
149731
149749
115363
115399
115421
183829
115429
171131
171161
149759
149767
171163
171167
171169
149771
149791
183871
183877
171179
171203
149803
183881
171233
149827
149837
149839
115459
183907
183917
171251
171253
183919
171263
171271
183943
149861
149867
183949
183959
149873
149893
171293
149899
171299
149909
183971
171317
149911
171329
183973
183979
115469
115471
115499
184003
184007
149921
149939
115513
149953
149969
115523
184013
149971
149993
171341
171383
171401
171403
184031
184039
115547
115553
115561
115571
171427
184043
171439
184057
115589
171449
184073
115597
115601
115603
184081
184087
115613
171467
171469
171473
115663
115679
115693
171481
115727
115733
115741
184111
184117
115751
171491
171517
171529
115757
115763
115769
184133
171539
115771
115777
184153
115781
115783
171541
171553
184157
115793
115807
171559
115811
115823
115831
171571
115837
184181
184187
115849
115853
171583
115859
171617
184189
171629
184199
115861
171637
184211
171641
171653
171659
184231
184241
171671
115873
115877
115879
171673
171679
184259
115883
115891
115901
115903
115931
184271
184273
184279
184291
171697
171707
115933
115963
171713
115979
115981
171719
171733
184309
115987
116009
184321
116027
116041
116047
116089
171757
171761
116099
116101
116107
171763
116113
116131
171793
116141
116159
116167
116177
171799
116189
116191
116201
171803
116239
184333
184337
116243
116257
116269
184351
171811
116273
171823
184369
116279
116293
184409
171827
171851
184417
184441
116329
116341
116351
184447
116359
116371
116381
116387
184463
184477
171863
171869
184487
184489
184511
171877
116411
184517
116423
184523
171881
116437
171889
184553
116443
171917
184559
116447
116461
116471
184567
116483
184571
116491
116507
116531
171923
171929
171937
171947
116533
116537
116539
116549
172001
116579
116593
184577
172009
184607
116639
116657
172021
172027
172031
116663
184609
184627
172049
116681
116687
172069
172079
116689
116707
116719
172093
172097
184631
116731
184633
184649
172127
116741
116747
116789
116791
184651
172147
172153
172157
184669
184687
172169
172171
184693
184703
172181
172199
172213
116797
116803
116819
184711
184721
116827
172217
172219
184727
184733
172223
172243
172259
184753
184777
184823
116833
116849
172279
172283
116867
116881
184829
184831
172297
184837
172307
116903
172313
184843
116911
172321
172331
184859
184879
172343
172351
116923
116927
116929
116933
184901
184903
172357
184913
116953
172373
172399
184949
172411
172421
184957
184967
172423
172427
184969
116959
184993
184997
172433
172439
184999
172441
185021
172489
185027
185051
116969
172507
172517
185057
185063
185069
172519
116981
172541
116989
185071
116993
172553
117017
117023
117037
172561
172573
117041
117043
172583
117053
117071
172589
185077
117101
117109
117119
185089
185099
117127
117133
117163
172597
172603
172607
185123
185131
185137
117167
117191
117193
117203
172619
185149
172633
172643
117209
117223
117239
172649
172657
117241
117251
117259
185153
185161
172663
117269
172673
172681
185167
117281
185177
185183
117307
117319
117329
117331
172687
172709
172717
185189
185221
172721
172741
185233
185243
117353
117361
172751
172759
117371
117373
117389
117413
117427
117431
117437
172787
172801
185267
185291
172807
172829
172849
117443
117497
117499
172853
185299
117503
185303
172859
172867
172871
117511
117517
117529
185309
172877
172883
185323
172933
117539
117541
185327
172969
172973
117563
117571
185359
185363
117577
117617
172981
172987
117619
117643
172993
172999
185369
185371
173021
173023
117659
185401
185429
185441
117671
117673
185467
173039
117679
185477
173053
117701
117703
117709
173059
173081
185483
185491
173087
173099
117721
117727
117731
117751
185519
117757
117763
117773
117779
173137
173141
173149
117787
117797
117809
173177
173183
185527
185531
173189
173191
117811
117833
117839
173207
173209
185533
173219
185539
173249
185543
185551
173263
173267
117841
117851
185557
117877
185567
117881
117883
173273
185569
117889
185593
117899
117911
117917
117937
173291
117959
117973
185599
185621
173293
185641
185651
185677
117977
117979
173297
173309
117989
117991
118033
118037
118043
185681
185683
118051
118057
118061
118081
185693
185699
185707
173347
173357
185711
185723
118093
173359
173429
185737
185747
118127
118147
185749
118163
118169
118171
185753
185767
173431
185789
185797
118189
173473
173483
185813
118211
118213
118219
185819
185821
118247
185831
118249
118253
118259
173491
173497
185833
185849
118273
118277
118297
173501
173531
185869
118343
118361
118369
185873
185893
185897
173539
118373
173543
118387
173549
118399
118409
173561
118411
173573
118423
185903
173599
173617
118429
173629
118453
118457
118463
185917
185923
118471
118493
118529
173647
118543
118549
173651
185947
185951
118571
118583
118589
185957
185959
185971
173659
173669
173671
185987
185993
173683
173687
173699
173707
173713
186007
173729
173741
173743
118603
118619
118621
118633
118661
173773
186013
173777
173779
186019
186023
173783
173807
118669
118673
118681
173819
186037
118687
118691
118709
118717
173827
173839
118739
118747
173851
173861
118751
118757
118787
173867
118799
118801
118819
186041
173891
118831
118843
173897
118861
118873
186049
186071
173909
118891
118897
186097
186103
186107
173917
173923
173933
186113
173969
118901
118903
173977
173981
118907
186119
173993
118913
174007
118927
118931
186149
118967
186157
174017
118973
174019
119027
186161
174047
186163
174049
119033
119039
186187
186191
174061
174067
186211
119047
119057
119069
186227
186229
119083
174071
174077
119087
186239
174079
174091
186247
186253
119089
119099
186259
174101
174121
119101
119107
119129
119131
186271
186283
174137
174143
174149
186299
186301
174157
174169
186311
186317
174197
186343
119159
119173
174221
174241
119179
119183
119191
119227
174257
174259
174263
119233
119237
174281
119243
119267
119291
119293
186377
174289
119297
174299
119299
119311
186379
186391
174311
174329
174331
186397
186419
174337
186437
119321
119359
119363
119389
119417
174347
119419
119429
119447
174367
174389
186451
186469
174407
119489
186479
174413
119503
119513
174431
119533
119549
186481
186551
174443
119551
119557
119563
174457
174467
174469
119569
174481
174487
186569
174491
174527
174533
186581
186583
186587
174569
119591
119611
186601
119617
186619
174571
119627
174583
174599
119633
119653
119657
119659
186629
186647
174613
119671
119677
174617
119687
119689
119699
174631
174637
119701
119723
119737
174649
119747
119759
119771
174653
186649
186653
119773
186671
119783
174659
174673
174679
186679
186689
119797
119809
174703
174721
186701
174737
174749
119813
119827
119831
174761
174763
186707
119839
119849
119851
174767
174773
174799
119869
174821
119881
186709
174829
186727
119891
174851
186733
186743
119921
119923
186757
174859
174877
119929
119953
186761
174893
174901
186763
174907
186773
174917
174929
119963
119971
119981
174931
119983
119993
186793
186799
186841
120011
120017
120041
120047
120049
120067
174943
174959
174989
174991
186859
186869
186871
120077
120079
120091
120097
186877
186883
120103
120121
120157
186889
186917
120163
120167
186947
186959
120181
120193
187003
187009
120199
120209
120223
187027
120233
187043
120247
187049
187067
120277
120283
187069
187073
120293
120299
120319
187081
120331
120349
187091
187111
120371
120383
120391
187123
120397
120401
120413
120427
187127
187129
120431
120473
120503
120511
120539
187133
187139
187141
187163
120551
120557
120563
120569
120577
187171
187177
120587
120607
120619
120623
120641
187181
187189
187193
120647
120661
120671
120677
120689
187211
187217
187219
120691
120709
187223
187237
120713
120721
120737
187273
120739
120749
120763
120767
187277
187303
187337
120779
120811
120817
120823
120829
187339
187349
120833
187361
187367
120847
187373
187379
120851
120863
120871
187387
120877
120889
187393
187409
120899
120907
187417
120917
120919
187423
187433
120929
120937
120941
187441
120943
120947
120977
120997
187463
187469
121001
121007
121013
187471
187477
121019
121021
187507
187513
121039
121061
187531
187547
121063
121067
121081
187559
187573
121123
121139
187597
121151
121157
187631
187633
121169
121171
121181
187637
187639
121189
121229
121259
187651
121267
121271
187661
121283
187669
121291
187687
121309
187699
187711
121313
121321
121327
187721
187751
121333
187763
121343
121349
121351
187787
187793
121357
187823
187843
121367
121369
187861
187871
121379
121403
121421
121439
187877
121441
121447
187883
187897
121453
121469
187907
121487
121493
121501
121507
121523
121531
187909
187921
187927
121547
121553
121559
187931
121571
121577
187951
187963
121579
121591
121607
187973
121609
121621
187987
121631
188011
121633
121637
188017
121661
188021
121687
121697
121711
188029
188107
121721
121727
188137
121763
121787
188143
121789
188147
121843
121853
121867
188159
188171
121883
121889
121909
188179
121921
121931
121937
188189
121949
188197
188249
121951
121963
121967
121993
188261
188273
121997
122011
188281
188291
122021
122027
122029
188299
188303
122033
122039
122041
188311
188317
122051
122053
122069
188323
188333
122081
122099
188351
188359
122117
188369
122131
122147
188389
188401
122149
188407
122167
122173
122201
188417
188431
122203
122207
188437
188443
122209
122219
122231
122251
188459
122263
188473
188483
122267
122273
122279
188491
188519
188527
122299
122321
122323
122327
122347
188533
188563
122363
122387
122389
122393
122399
188579
188603
188609
122401
122443
122449
188621
188633
122453
122471
122477
188653
188677
122489
188681
188687
122497
122501
122503
188693
188701
122509
122527
188707
122533
122557
122561
188711
122579
188719
122597
122599
188729
122609
122611
122651
188753
188767
122653
122663
122693
188779
122701
122719
122741
188791
188801
122743
122753
122761
188827
188831
122777
188833
188843
188857
122789
122819
122827
122833
188861
122839
122849
188863
188869
122861
122867
188891
122869
122887
122891
188911
188927
122921
122929
122939
188933
188939
122953
122957
122963
188941
188953
122971
188957
188983
123001
123007
123017
188999
123031
123049
189011
189017
123059
189019
123077
189041
123083
123091
123113
189043
189061
123121
123127
123143
189067
189127
123169
123191
123203
189139
189149
189151
123209
123217
123229
123239
123259
123269
189169
123289
123307
189187
123311
123323
123341
123373
189199
123377
189223
123379
123397
123401
189229
123407
123419
123427
123433
189239
189251
123439
123449
123457
189253
189257
123479
123491
123493
189271
123499
123503
123517
189307
189311
123527
123547
123551
123553
189337
123581
123583
189347
123593
189349
123601
123619
189353
123631
123637
123653
189361
123661
123667
123677
189377
189389
123701
189391
189401
123707
123719
189407
123727
123731
123733
189421
189433
123737
123757
189437
189439
123787
123791
123803
189463
189467
123817
123821
123829
189473
189479
123833
123853
123863
189491
123887
189493
189509
123911
123923
123931
189517
189523
123941
123953
123973
189529
123979
189547
189559
123983
123989
189583
123997
124001
124021
124067
124087
189593
124097
124121
124123
124133
189599
189613
124139
124147
189617
124153
124171
124181
189619
189643
124183
124193
189653
189661
124199
124213
189671
189691
189697
124231
189701
124247
124249
124277
189713
189733
124291
124297
189743
189757
124301
124303
189767
189797
124309
189799
124337
124339
124343
189817
124349
124351
189823
124363
124367
189851
189853
124427
124429
124433
189859
189877
124447
124459
189881
189887
124471
124477
189901
189913
124489
189929
124493
124513
189947
189949
124529
124541
124543
189961
189967
189977
124561
124567
124577
124601
189983
189989
124633
124643
124669
189997
190027
190031
124673
124679
124693
124699
190051
190063
124703
124717
124721
124739
190093
190097
124753
124759
124769
190121
190129
124771
124777
124781
190147
190159
124783
124793
124799
190181
190207
124819
124823
124847
124853
190243
124897
124907
124909
190249
124919
124951
190261
124979
124981
124987
190271
124991
190283
190297
190301
190313
190321
190331
190339
190357
190367
190369
190387
190391
190403
190409
190471
190507
190523
190529
190537
190543
190573
190577
190579
190583
190591
190607
190613
190633
190639
190649
190657
190667
190669
190699
190709
190711
190717
190753
190759
190763
190769
190783
190787
190793
190807
190811
190823
190829
190837
190843
190871
190889
190891
190901
190909
190913
190921
190979
190997
191021
191027
191033
191039
191047
191057
191071
191089
191099
191119
191123
191137
191141
191143
191161
191173
191189
191227
191231
191237
191249
191251
191281
191297
191299
191339
191341
191353
191413
191441
191447
191449
191453
191459
191461
191467
191473
191491
191497
191507
191509
191519
191531
191533
191537
191551
191561
191563
191579
191599
191621
191627
191657
191669
191671
191677
191689
191693
191699
191707
191717
191747
191749
191773
191783
191791
191801
191803
191827
191831
191833
191837
191861
191899
191903
191911
191929
191953
191969
191977
191999
192007
192013
192029
192037
192043
192047
192053
192091
192097
192103
192113
192121
192133
192149
192161
192173
192187
192191
192193
192229
192233
192239
192251
192259
192263
192271
192307
192317
192319
192323
192341
192343
192347
192373
192377
192383
192391
192407
192431
192461
192463
192497
192499
192529
192539
192547
192553
192557
192571
192581
192583
192587
192601
192611
192613
192617
192629
192631
192637
192667
192677
192697
192737
192743
192749
192757
192767
192781
192791
192799
192811
192817
192833
192847
192853
192859
192877
192883
192887
192889
192917
192923
192931
192949
192961
192971
192977
192979
192991
193003
193009
193013
193031
193043
193051
193057
193073
193093
193133
193139
193147
193153
193163
193181
193183
193189
193201
193243
193247
193261
193283
193301
193327
193337
193357
193367
193373
193379
193381
193387
193393
193423
193433
193441
193447
193451
193463
193469
193493
193507
193513
193541
193549
193559
193573
193577
193597
193601
193603
193607
193619
193649
193663
193679
193703
193723
193727
193741
193751
193757
193763
193771
193789
193793
193799
193811
193813
193841
193847
193859
193861
193871
193873
193877
193883
193891
193937
193939
193943
193951
193957
193979
193993
194003
194017
194027
194057
194069
194071
194083
194087
194093
194101
194113
194119
194141
194149
194167
194179
194197
194203
194239
194263
194267
194269
194309
194323
194353
194371
194377
194413
194431
194443
194471
194479
194483
194507
194521
194527
194543
194569
194581
194591
194609
194647
194653
194659
194671
194681
194683
194687
194707
194713
194717
194723
194729
194749
194767
194771
194809
194813
194819
194827
194839
194861
194863
194867
194869
194891
194899
194911
194917
194933
194963
194977
194981
194989
195023
195029
195043
195047
195049
195053
195071
195077
195089
195103
195121
195127
195131
195137
195157
195161
195163
195193
195197
195203
195229
195241
195253
195259
195271
195277
195281
195311
195319
195329
195341
195343
195353
195359
195389
195401
195407
195413
195427
195443
195457
195469
195479
195493
195497
195511
195527
195539
195541
195581
195593
195599
195659
195677
195691
195697
195709
195731
195733
195737
195739
195743
195751
195761
195781
195787
195791
195809
195817
195863
195869
195883
195887
195893
195907
195913
195919
195929
195931
195967
195971
195973
195977
195991
195997
196003
196033
196039
196043
196051
196073
196081
196087
196111
196117
196139
196159
196169
196171
196177
196181
196187
196193
196201
196247
196271
196277
196279
196291
196303
196307
196331
196337
196379
196387
196429
196439
196453
196459
196477
196499
196501
196519
196523
196541
196543
196549
196561
196579
196583
196597
196613
196643
196657
196661
196663
196681
196687
196699
196709
196717
196727
196739
196751
196769
196771
196799
196817
196831
196837
196853
196871
196873
196879
196901
196907
196919
196927
196961
196991
196993
197003
197009
197023
197033
197059
197063
197077
197083
197089
197101
197117
197123
197137
197147
197159
197161
197203
197207
197221
197233
197243
197257
197261
197269
197273
197279
197293
197297
197299
197311
197339
197341
197347
197359
197369
197371
197381
197383
197389
197419
197423
197441
197453
197479
197507
197521
197539
197551
197567
197569
197573
197597
197599
197609
197621
197641
197647
197651
197677
197683
197689
197699
197711
197713
197741
197753
197759
197767
197773
197779
197803
197807
197831
197837
197887
197891
197893
197909
197921
197927
197933
197947
197957
197959
197963
197969
197971
198013
198017
198031
198043
198047
198073
198083
198091
198097
198109
198127
198139
198173
198179
198193
198197
198221
198223
198241
198251
198257
198259
198277
198281
198301
198313
198323
198337
198347
198349
198377
198391
198397
198409
198413
198427
198437
198439
198461
198463
198469
198479
198491
198503
198529
198533
198553
198571
198589
198593
198599
198613
198623
198637
198641
198647
198659
198673
198689
198701
198719
198733
198761
198769
198811
198817
198823
198827
198829
198833
198839
198841
198851
198859
198899
198901
198929
198937
198941
198943
198953
198959
198967
198971
198977
198997
199021
199033
199037
199039
199049
199081
199103
199109
199151
199153
199181
199193
199207
199211
199247
199261
199267
199289
199313
199321
199337
199343
199357
199373
199379
199399
199403
199411
199417
199429
199447
199453
199457
199483
199487
199489
199499
199501
199523
199559
199567
199583
199601
199603
199621
199637
199657
199669
199673
199679
199687
199697
199721
199729
199739
199741
199751
199753
199777
199783
199799
199807
199811
199813
199819
199831
199853
199873
199877
199889
199909
199921
199931
199933
199961
199967
199999